condition,query,execution,operator_kind,duration_ms
paging,q1,1,GPU_SCAN,4977.763055
paging,q1,1,HASH_GROUP_BY,1410.7100719999996
paging,q1,1,MERGE_GROUP_BY,6.141063
paging,q1,1,MERGE_SORT,11.856648
paging,q1,1,ORDER_BY,4.786838
paging,q1,1,PARTITION,0.6468410000000001
paging,q1,1,PROJECTION,215.95048
paging,q1,1,RESULT_COLLECTOR,0.662159
paging,q1,1,SORT_PARTITION,5.573249
paging,q1,1,SORT_SAMPLE,0.205145
paging,q1,2,GPU_SCAN,4612.349945
paging,q1,2,HASH_GROUP_BY,1324.4649040000002
paging,q1,2,MERGE_GROUP_BY,1.199429
paging,q1,2,MERGE_SORT,2.462796
paging,q1,2,ORDER_BY,0.587668
paging,q1,2,PARTITION,0.726012
paging,q1,2,PROJECTION,187.44151100000005
paging,q1,2,RESULT_COLLECTOR,0.195771
paging,q1,2,SORT_PARTITION,1.187597
paging,q1,2,SORT_SAMPLE,0.443914
paging,q1,3,GPU_SCAN,4521.07509
paging,q1,3,HASH_GROUP_BY,1336.3560590000002
paging,q1,3,MERGE_GROUP_BY,2.212637
paging,q1,3,MERGE_SORT,1.789263
paging,q1,3,ORDER_BY,0.468508
paging,q1,3,PARTITION,0.8914300000000002
paging,q1,3,PROJECTION,171.29050900000004
paging,q1,3,RESULT_COLLECTOR,0.183222
paging,q1,3,SORT_PARTITION,1.2028
paging,q1,3,SORT_SAMPLE,0.406346
paging,q1,4,GPU_SCAN,4599.911238000001
paging,q1,4,HASH_GROUP_BY,1280.2665959999997
paging,q1,4,MERGE_GROUP_BY,1.669755
paging,q1,4,MERGE_SORT,1.745317
paging,q1,4,ORDER_BY,0.485709
paging,q1,4,PARTITION,1.804693
paging,q1,4,PROJECTION,183.31086700000003
paging,q1,4,RESULT_COLLECTOR,0.147784
paging,q1,4,SORT_PARTITION,0.739373
paging,q1,4,SORT_SAMPLE,0.297979
paging,q1,5,GPU_SCAN,4402.289337000001
paging,q1,5,HASH_GROUP_BY,1265.6308979999997
paging,q1,5,MERGE_GROUP_BY,1.914552
paging,q1,5,MERGE_SORT,0.906769
paging,q1,5,ORDER_BY,0.488699
paging,q1,5,PARTITION,0.9925010000000001
paging,q1,5,PROJECTION,193.72409399999998
paging,q1,5,RESULT_COLLECTOR,0.128861
paging,q1,5,SORT_PARTITION,0.881453
paging,q1,5,SORT_SAMPLE,0.325934
paging,q2,1,CONCAT,3.5984000000000003
paging,q2,1,DYNAMIC_FILTER,8.488805
paging,q2,1,FILTER,0.575455
paging,q2,1,GPU_SCAN,674.9332159999999
paging,q2,1,HASH_GROUP_BY,0.3883
paging,q2,1,HASH_JOIN,6.859977000000001
paging,q2,1,LEFT_DELIM_JOIN,0.216665
paging,q2,1,MERGE_GROUP_BY,0.011467000000000001
paging,q2,1,MERGE_SORT,0.901415
paging,q2,1,ORDER_BY,1.253302
paging,q2,1,PARTITION,0.27508800000000005
paging,q2,1,PROJECTION,0.040283
paging,q2,1,RESULT_COLLECTOR,4.084998
paging,q2,1,SORT_PARTITION,1.103063
paging,q2,1,SORT_SAMPLE,0.145548
paging,q2,2,CONCAT,3.87695
paging,q2,2,DYNAMIC_FILTER,11.930396
paging,q2,2,FILTER,0.576888
paging,q2,2,GPU_SCAN,638.311019
paging,q2,2,HASH_GROUP_BY,0.295089
paging,q2,2,HASH_JOIN,8.921106
paging,q2,2,LEFT_DELIM_JOIN,0.226965
paging,q2,2,MERGE_GROUP_BY,0.013012
paging,q2,2,MERGE_SORT,0.8193
paging,q2,2,ORDER_BY,1.281154
paging,q2,2,PARTITION,0.2904389999999999
paging,q2,2,PROJECTION,0.048248
paging,q2,2,RESULT_COLLECTOR,4.21179
paging,q2,2,SORT_PARTITION,1.018395
paging,q2,2,SORT_SAMPLE,0.184707
paging,q2,3,CONCAT,4.4211599999999995
paging,q2,3,DYNAMIC_FILTER,8.735587
paging,q2,3,FILTER,0.58867
paging,q2,3,GPU_SCAN,643.723402
paging,q2,3,HASH_GROUP_BY,0.306634
paging,q2,3,HASH_JOIN,8.101199
paging,q2,3,LEFT_DELIM_JOIN,0.161071
paging,q2,3,MERGE_GROUP_BY,0.011902
paging,q2,3,MERGE_SORT,0.895382
paging,q2,3,ORDER_BY,1.295533
paging,q2,3,PARTITION,0.47114599999999995
paging,q2,3,PROJECTION,0.09685899999999999
paging,q2,3,RESULT_COLLECTOR,4.863766
paging,q2,3,SORT_PARTITION,1.077441
paging,q2,3,SORT_SAMPLE,0.185791
paging,q2,4,CONCAT,4.304982
paging,q2,4,DYNAMIC_FILTER,9.246221
paging,q2,4,FILTER,0.638376
paging,q2,4,GPU_SCAN,643.7588930000001
paging,q2,4,HASH_GROUP_BY,0.567629
paging,q2,4,HASH_JOIN,11.504033999999999
paging,q2,4,LEFT_DELIM_JOIN,0.386044
paging,q2,4,MERGE_GROUP_BY,0.017821999999999998
paging,q2,4,MERGE_SORT,1.11605
paging,q2,4,ORDER_BY,1.310981
paging,q2,4,PARTITION,0.5285059999999999
paging,q2,4,PROJECTION,0.051347000000000004
paging,q2,4,RESULT_COLLECTOR,3.075348
paging,q2,4,SORT_PARTITION,1.62889
paging,q2,4,SORT_SAMPLE,0.329184
paging,q2,5,CONCAT,3.9632270000000003
paging,q2,5,DYNAMIC_FILTER,11.710204
paging,q2,5,FILTER,0.560555
paging,q2,5,GPU_SCAN,644.714611
paging,q2,5,HASH_GROUP_BY,0.300344
paging,q2,5,HASH_JOIN,9.859995999999999
paging,q2,5,LEFT_DELIM_JOIN,0.252539
paging,q2,5,MERGE_GROUP_BY,0.013898
paging,q2,5,MERGE_SORT,1.107075
paging,q2,5,ORDER_BY,1.274803
paging,q2,5,PARTITION,0.39025800000000005
paging,q2,5,PROJECTION,0.041088
paging,q2,5,RESULT_COLLECTOR,1.989982
paging,q2,5,SORT_PARTITION,1.002519
paging,q2,5,SORT_SAMPLE,0.152263
paging,q3,1,CONCAT,5.648512
paging,q3,1,DYNAMIC_FILTER,35.449450999999996
paging,q3,1,GPU_SCAN,5140.844672
paging,q3,1,HASH_GROUP_BY,1.305278
paging,q3,1,HASH_JOIN,10.207141
paging,q3,1,MERGE_GROUP_BY,0.027841
paging,q3,1,MERGE_SORT,0.541406
paging,q3,1,ORDER_BY,2.408919
paging,q3,1,PARTITION,0.311358
paging,q3,1,PROJECTION,0.24050300000000002
paging,q3,1,RESULT_COLLECTOR,10.776394
paging,q3,1,SORT_PARTITION,0.293093
paging,q3,1,SORT_SAMPLE,0.115164
paging,q3,2,CONCAT,5.922754
paging,q3,2,DYNAMIC_FILTER,34.109173
paging,q3,2,GPU_SCAN,4858.149926
paging,q3,2,HASH_GROUP_BY,1.292423
paging,q3,2,HASH_JOIN,10.648388
paging,q3,2,MERGE_GROUP_BY,0.026019
paging,q3,2,MERGE_SORT,0.422855
paging,q3,2,ORDER_BY,2.460146
paging,q3,2,PARTITION,0.47962
paging,q3,2,PROJECTION,0.254027
paging,q3,2,RESULT_COLLECTOR,7.092943
paging,q3,2,SORT_PARTITION,0.255083
paging,q3,2,SORT_SAMPLE,0.047079
paging,q3,3,CONCAT,5.491124
paging,q3,3,DYNAMIC_FILTER,22.501677
paging,q3,3,GPU_SCAN,4850.344468999999
paging,q3,3,HASH_GROUP_BY,1.457291
paging,q3,3,HASH_JOIN,10.766065000000001
paging,q3,3,MERGE_GROUP_BY,0.057733
paging,q3,3,MERGE_SORT,0.397638
paging,q3,3,ORDER_BY,2.434833
paging,q3,3,PARTITION,0.3765530000000001
paging,q3,3,PROJECTION,0.249837
paging,q3,3,RESULT_COLLECTOR,6.01425
paging,q3,3,SORT_PARTITION,0.256012
paging,q3,3,SORT_SAMPLE,0.051933
paging,q3,4,CONCAT,5.415748999999999
paging,q3,4,DYNAMIC_FILTER,33.853280000000005
paging,q3,4,GPU_SCAN,4859.341348999999
paging,q3,4,HASH_GROUP_BY,1.178079
paging,q3,4,HASH_JOIN,10.647033
paging,q3,4,MERGE_GROUP_BY,0.052691
paging,q3,4,MERGE_SORT,0.717671
paging,q3,4,ORDER_BY,2.449502
paging,q3,4,PARTITION,0.7002549999999998
paging,q3,4,PROJECTION,0.227578
paging,q3,4,RESULT_COLLECTOR,9.16433
paging,q3,4,SORT_PARTITION,0.232455
paging,q3,4,SORT_SAMPLE,0.043851
paging,q3,5,CONCAT,5.315422999999999
paging,q3,5,DYNAMIC_FILTER,24.787061000000005
paging,q3,5,GPU_SCAN,4555.4055
paging,q3,5,HASH_GROUP_BY,1.22799
paging,q3,5,HASH_JOIN,10.653758
paging,q3,5,MERGE_GROUP_BY,0.020693
paging,q3,5,MERGE_SORT,0.708739
paging,q3,5,ORDER_BY,2.414365
paging,q3,5,PARTITION,0.29238000000000003
paging,q3,5,PROJECTION,0.234969
paging,q3,5,RESULT_COLLECTOR,4.130928
paging,q3,5,SORT_PARTITION,0.219414
paging,q3,5,SORT_SAMPLE,0.06847
paging,q4,1,CONCAT,2.107707
paging,q4,1,DYNAMIC_FILTER,32.127471
paging,q4,1,FILTER,11.227391999999998
paging,q4,1,GPU_SCAN,2574.310191
paging,q4,1,HASH_GROUP_BY,2.240139
paging,q4,1,HASH_JOIN,7.6613679999999995
paging,q4,1,LEFT_DELIM_JOIN,2.730081
paging,q4,1,MERGE_GROUP_BY,2.960963
paging,q4,1,MERGE_SORT,0.199794
paging,q4,1,ORDER_BY,0.161697
paging,q4,1,PARTITION,0.378475
paging,q4,1,PROJECTION,0.011575
paging,q4,1,RESULT_COLLECTOR,0.323263
paging,q4,1,SORT_PARTITION,0.168546
paging,q4,1,SORT_SAMPLE,0.08647
paging,q4,2,CONCAT,2.3196790000000003
paging,q4,2,DYNAMIC_FILTER,21.130791
paging,q4,2,FILTER,4.343526
paging,q4,2,GPU_SCAN,1901.443283
paging,q4,2,HASH_GROUP_BY,2.242771
paging,q4,2,HASH_JOIN,8.06386
paging,q4,2,LEFT_DELIM_JOIN,18.150570000000002
paging,q4,2,MERGE_GROUP_BY,2.5127430000000004
paging,q4,2,MERGE_SORT,0.320457
paging,q4,2,ORDER_BY,0.275023
paging,q4,2,PARTITION,0.9460620000000002
paging,q4,2,PROJECTION,0.014597
paging,q4,2,RESULT_COLLECTOR,0.151932
paging,q4,2,SORT_PARTITION,0.229357
paging,q4,2,SORT_SAMPLE,0.218115
paging,q4,3,CONCAT,3.5974880000000002
paging,q4,3,DYNAMIC_FILTER,31.746660999999996
paging,q4,3,FILTER,5.420703999999999
paging,q4,3,GPU_SCAN,2029.0753319999997
paging,q4,3,HASH_GROUP_BY,2.101792
paging,q4,3,HASH_JOIN,7.590276
paging,q4,3,LEFT_DELIM_JOIN,18.355801000000007
paging,q4,3,MERGE_GROUP_BY,2.553596
paging,q4,3,MERGE_SORT,0.450502
paging,q4,3,ORDER_BY,0.213363
paging,q4,3,PARTITION,0.7335359999999997
paging,q4,3,PROJECTION,0.010393
paging,q4,3,RESULT_COLLECTOR,0.144561
paging,q4,3,SORT_PARTITION,0.178111
paging,q4,3,SORT_SAMPLE,0.087808
paging,q4,4,CONCAT,2.2167839999999996
paging,q4,4,DYNAMIC_FILTER,25.501712000000005
paging,q4,4,FILTER,4.106007
paging,q4,4,GPU_SCAN,2037.6187009999996
paging,q4,4,HASH_GROUP_BY,2.122284
paging,q4,4,HASH_JOIN,7.615187
paging,q4,4,LEFT_DELIM_JOIN,20.330167000000003
paging,q4,4,MERGE_GROUP_BY,2.531652
paging,q4,4,MERGE_SORT,0.220143
paging,q4,4,ORDER_BY,0.170808
paging,q4,4,PARTITION,0.9117659999999999
paging,q4,4,PROJECTION,0.011062
paging,q4,4,RESULT_COLLECTOR,0.241866
paging,q4,4,SORT_PARTITION,0.213305
paging,q4,4,SORT_SAMPLE,0.15836
paging,q4,5,CONCAT,2.303129
paging,q4,5,DYNAMIC_FILTER,36.275259
paging,q4,5,FILTER,6.979601
paging,q4,5,GPU_SCAN,2039.6764180000002
paging,q4,5,HASH_GROUP_BY,2.37713
paging,q4,5,HASH_JOIN,8.092462000000001
paging,q4,5,LEFT_DELIM_JOIN,17.586344000000004
paging,q4,5,MERGE_GROUP_BY,2.578957
paging,q4,5,MERGE_SORT,0.768205
paging,q4,5,ORDER_BY,0.164283
paging,q4,5,PARTITION,0.9487109999999999
paging,q4,5,PROJECTION,0.011398
paging,q4,5,RESULT_COLLECTOR,0.108549
paging,q4,5,SORT_PARTITION,0.177049
paging,q4,5,SORT_SAMPLE,0.092047
paging,q5,1,CONCAT,3.6014489999999997
paging,q5,1,DYNAMIC_FILTER,34.752253999999986
paging,q5,1,GPU_SCAN,5594.775276
paging,q5,1,HASH_GROUP_BY,1.326328
paging,q5,1,HASH_JOIN,18.249193
paging,q5,1,MERGE_GROUP_BY,0.016892
paging,q5,1,MERGE_SORT,1.0919
paging,q5,1,ORDER_BY,0.457646
paging,q5,1,PARTITION,0.5946730000000001
paging,q5,1,PROJECTION,0.315406
paging,q5,1,RESULT_COLLECTOR,0.396723
paging,q5,1,SORT_PARTITION,0.588676
paging,q5,1,SORT_SAMPLE,0.236747
paging,q5,2,CONCAT,2.9262109999999995
paging,q5,2,DYNAMIC_FILTER,23.028463000000002
paging,q5,2,GPU_SCAN,5535.09841
paging,q5,2,HASH_GROUP_BY,0.570157
paging,q5,2,HASH_JOIN,16.543799
paging,q5,2,MERGE_GROUP_BY,0.036442
paging,q5,2,MERGE_SORT,1.309042
paging,q5,2,ORDER_BY,0.584222
paging,q5,2,PARTITION,0.7264749999999999
paging,q5,2,PROJECTION,0.123234
paging,q5,2,RESULT_COLLECTOR,0.273136
paging,q5,2,SORT_PARTITION,0.461194
paging,q5,2,SORT_SAMPLE,0.086176
paging,q5,3,CONCAT,3.2868399999999998
paging,q5,3,DYNAMIC_FILTER,27.016472
paging,q5,3,GPU_SCAN,5588.875472
paging,q5,3,HASH_GROUP_BY,0.530523
paging,q5,3,HASH_JOIN,16.824961
paging,q5,3,MERGE_GROUP_BY,0.006689
paging,q5,3,MERGE_SORT,0.756819
paging,q5,3,ORDER_BY,0.161553
paging,q5,3,PARTITION,0.44246499999999983
paging,q5,3,PROJECTION,0.113705
paging,q5,3,RESULT_COLLECTOR,0.122506
paging,q5,3,SORT_PARTITION,0.335474
paging,q5,3,SORT_SAMPLE,0.021438
paging,q5,4,CONCAT,2.936845
paging,q5,4,DYNAMIC_FILTER,27.514831000000008
paging,q5,4,GPU_SCAN,5591.254388
paging,q5,4,HASH_GROUP_BY,0.575249
paging,q5,4,HASH_JOIN,17.930128999999997
paging,q5,4,MERGE_GROUP_BY,0.042545
paging,q5,4,MERGE_SORT,1.278982
paging,q5,4,ORDER_BY,0.296749
paging,q5,4,PARTITION,0.565782
paging,q5,4,PROJECTION,0.115191
paging,q5,4,RESULT_COLLECTOR,0.130369
paging,q5,4,SORT_PARTITION,0.409822
paging,q5,4,SORT_SAMPLE,0.072277
paging,q5,5,CONCAT,2.9975439999999995
paging,q5,5,DYNAMIC_FILTER,23.81806
paging,q5,5,GPU_SCAN,5596.896984999999
paging,q5,5,HASH_GROUP_BY,0.584153
paging,q5,5,HASH_JOIN,17.786366
paging,q5,5,MERGE_GROUP_BY,0.007516
paging,q5,5,MERGE_SORT,1.271045
paging,q5,5,ORDER_BY,0.345239
paging,q5,5,PARTITION,0.577537
paging,q5,5,PROJECTION,0.126609
paging,q5,5,RESULT_COLLECTOR,0.139948
paging,q5,5,SORT_PARTITION,0.367112
paging,q5,5,SORT_SAMPLE,0.033061
paging,q6,1,GPU_SCAN,3994.6825620000004
paging,q6,1,MERGE_AGGREGATE,0.211034
paging,q6,1,PROJECTION,3.223332
paging,q6,1,RESULT_COLLECTOR,0.130403
paging,q6,1,UNGROUPED_AGGREGATE,12.398509000000002
paging,q6,2,GPU_SCAN,3231.693879
paging,q6,2,MERGE_AGGREGATE,0.19125
paging,q6,2,PROJECTION,3.6415900000000003
paging,q6,2,RESULT_COLLECTOR,0.083002
paging,q6,2,UNGROUPED_AGGREGATE,3.388051
paging,q6,3,GPU_SCAN,3235.675857
paging,q6,3,MERGE_AGGREGATE,0.232832
paging,q6,3,PROJECTION,3.350166
paging,q6,3,RESULT_COLLECTOR,0.085592
paging,q6,3,UNGROUPED_AGGREGATE,4.370227999999999
paging,q6,4,GPU_SCAN,3232.4490180000003
paging,q6,4,MERGE_AGGREGATE,0.740614
paging,q6,4,PROJECTION,3.124304
paging,q6,4,RESULT_COLLECTOR,0.075669
paging,q6,4,UNGROUPED_AGGREGATE,4.556654
paging,q6,5,GPU_SCAN,3236.264722
paging,q6,5,MERGE_AGGREGATE,0.79862
paging,q6,5,PROJECTION,3.860957
paging,q6,5,RESULT_COLLECTOR,0.091542
paging,q6,5,UNGROUPED_AGGREGATE,4.691537
paging,q7,1,CONCAT,5.481899000000001
paging,q7,1,DYNAMIC_FILTER,32.26171900000001
paging,q7,1,FILTER,2.09929
paging,q7,1,GPU_SCAN,6180.146724999998
paging,q7,1,HASH_GROUP_BY,1.856604
paging,q7,1,HASH_JOIN,21.174080000000004
paging,q7,1,MERGE_GROUP_BY,0.010568
paging,q7,1,MERGE_SORT,0.900581
paging,q7,1,ORDER_BY,0.591096
paging,q7,1,PARTITION,0.5182760000000001
paging,q7,1,PROJECTION,0.15364
paging,q7,1,RESULT_COLLECTOR,0.212926
paging,q7,1,SORT_PARTITION,0.845553
paging,q7,1,SORT_SAMPLE,0.173535
paging,q7,2,CONCAT,4.690812000000001
paging,q7,2,DYNAMIC_FILTER,29.834980999999996
paging,q7,2,FILTER,1.151278
paging,q7,2,GPU_SCAN,6019.223969999999
paging,q7,2,HASH_GROUP_BY,1.791166
paging,q7,2,HASH_JOIN,20.697292000000004
paging,q7,2,MERGE_GROUP_BY,0.014706
paging,q7,2,MERGE_SORT,0.955037
paging,q7,2,ORDER_BY,0.53709
paging,q7,2,PARTITION,0.463061
paging,q7,2,PROJECTION,0.155127
paging,q7,2,RESULT_COLLECTOR,0.205729
paging,q7,2,SORT_PARTITION,0.791455
paging,q7,2,SORT_SAMPLE,0.181106
paging,q7,3,CONCAT,4.453615
paging,q7,3,DYNAMIC_FILTER,31.768553000000004
paging,q7,3,FILTER,1.553442
paging,q7,3,GPU_SCAN,6013.624049
paging,q7,3,HASH_GROUP_BY,1.754767
paging,q7,3,HASH_JOIN,19.765915
paging,q7,3,MERGE_GROUP_BY,0.030993
paging,q7,3,MERGE_SORT,0.761269
paging,q7,3,ORDER_BY,0.48485
paging,q7,3,PARTITION,0.43503299999999995
paging,q7,3,PROJECTION,0.137464
paging,q7,3,RESULT_COLLECTOR,0.299625
paging,q7,3,SORT_PARTITION,0.725298
paging,q7,3,SORT_SAMPLE,0.163204
paging,q7,4,CONCAT,4.941582
paging,q7,4,DYNAMIC_FILTER,33.945614
paging,q7,4,FILTER,1.6788290000000001
paging,q7,4,GPU_SCAN,6005.8779509999995
paging,q7,4,HASH_GROUP_BY,1.788533
paging,q7,4,HASH_JOIN,21.031724000000004
paging,q7,4,MERGE_GROUP_BY,0.028384
paging,q7,4,MERGE_SORT,1.859578
paging,q7,4,ORDER_BY,0.540887
paging,q7,4,PARTITION,0.758813
paging,q7,4,PROJECTION,0.155199
paging,q7,4,RESULT_COLLECTOR,0.234911
paging,q7,4,SORT_PARTITION,0.872902
paging,q7,4,SORT_SAMPLE,0.283995
paging,q7,5,CONCAT,4.586854
paging,q7,5,DYNAMIC_FILTER,35.56693
paging,q7,5,FILTER,1.076038
paging,q7,5,GPU_SCAN,6239.586538999999
paging,q7,5,HASH_GROUP_BY,1.66144
paging,q7,5,HASH_JOIN,20.483823
paging,q7,5,MERGE_GROUP_BY,0.01754
paging,q7,5,MERGE_SORT,0.760632
paging,q7,5,ORDER_BY,0.64509
paging,q7,5,PARTITION,0.32979899999999995
paging,q7,5,PROJECTION,0.141585
paging,q7,5,RESULT_COLLECTOR,0.247004
paging,q7,5,SORT_PARTITION,0.726272
paging,q7,5,SORT_SAMPLE,0.158839
paging,q8,1,CONCAT,20.407213
paging,q8,1,DYNAMIC_FILTER,52.986196
paging,q8,1,GPU_SCAN,8474.008956
paging,q8,1,HASH_GROUP_BY,0.410115
paging,q8,1,HASH_JOIN,34.33644
paging,q8,1,MERGE_GROUP_BY,0.025796
paging,q8,1,MERGE_SORT,0.013545
paging,q8,1,ORDER_BY,0.183452
paging,q8,1,PARTITION,0.5848680000000002
paging,q8,1,PROJECTION,0.380648
paging,q8,1,RESULT_COLLECTOR,0.185388
paging,q8,1,SORT_PARTITION,0.004564
paging,q8,1,SORT_SAMPLE,0.009517
paging,q8,2,CONCAT,20.95479
paging,q8,2,DYNAMIC_FILTER,45.92640699999999
paging,q8,2,GPU_SCAN,7698.512256000001
paging,q8,2,HASH_GROUP_BY,0.301203
paging,q8,2,HASH_JOIN,24.917550000000002
paging,q8,2,MERGE_GROUP_BY,0.020662
paging,q8,2,MERGE_SORT,0.217745
paging,q8,2,ORDER_BY,0.059118
paging,q8,2,PARTITION,0.6774440000000002
paging,q8,2,PROJECTION,0.35007
paging,q8,2,RESULT_COLLECTOR,0.239372
paging,q8,2,SORT_PARTITION,0.114609
paging,q8,2,SORT_SAMPLE,0.021443
paging,q8,3,CONCAT,16.214008
paging,q8,3,DYNAMIC_FILTER,51.117905
paging,q8,3,GPU_SCAN,7679.230773000001
paging,q8,3,HASH_GROUP_BY,0.549368
paging,q8,3,HASH_JOIN,23.537418
paging,q8,3,MERGE_GROUP_BY,0.022534
paging,q8,3,MERGE_SORT,0.097699
paging,q8,3,ORDER_BY,0.063649
paging,q8,3,PARTITION,0.723355
paging,q8,3,PROJECTION,0.698907
paging,q8,3,RESULT_COLLECTOR,0.204311
paging,q8,3,SORT_PARTITION,0.265354
paging,q8,3,SORT_SAMPLE,0.054767
paging,q8,4,CONCAT,19.816239000000003
paging,q8,4,DYNAMIC_FILTER,41.404174
paging,q8,4,GPU_SCAN,7624.614188
paging,q8,4,HASH_GROUP_BY,0.321115
paging,q8,4,HASH_JOIN,25.113642999999996
paging,q8,4,MERGE_GROUP_BY,0.024259
paging,q8,4,MERGE_SORT,0.089429
paging,q8,4,ORDER_BY,0.073195
paging,q8,4,PARTITION,0.588234
paging,q8,4,PROJECTION,0.38434500000000005
paging,q8,4,RESULT_COLLECTOR,0.186607
paging,q8,4,SORT_PARTITION,0.121698
paging,q8,4,SORT_SAMPLE,0.024972
paging,q8,5,CONCAT,25.339662
paging,q8,5,DYNAMIC_FILTER,43.566700999999995
paging,q8,5,GPU_SCAN,7920.524938000001
paging,q8,5,HASH_GROUP_BY,0.352941
paging,q8,5,HASH_JOIN,26.150146
paging,q8,5,MERGE_GROUP_BY,0.020459
paging,q8,5,MERGE_SORT,0.197925
paging,q8,5,ORDER_BY,0.079205
paging,q8,5,PARTITION,0.5907850000000001
paging,q8,5,PROJECTION,0.38991200000000004
paging,q8,5,RESULT_COLLECTOR,0.191927
paging,q8,5,SORT_PARTITION,0.127189
paging,q8,5,SORT_SAMPLE,0.026138
paging,q9,1,CONCAT,17.341243000000002
paging,q9,1,DYNAMIC_FILTER,61.43584000000001
paging,q9,1,GPU_SCAN,8314.025053
paging,q9,1,HASH_GROUP_BY,5.1057559999999995
paging,q9,1,HASH_JOIN,433.33916999999997
paging,q9,1,MERGE_GROUP_BY,0.414457
paging,q9,1,MERGE_SORT,0.791934
paging,q9,1,ORDER_BY,0.617533
paging,q9,1,PARTITION,0.579429
paging,q9,1,PROJECTION,8.100742
paging,q9,1,RESULT_COLLECTOR,0.133348
paging,q9,1,SORT_PARTITION,0.181772
paging,q9,1,SORT_SAMPLE,0.096554
paging,q9,2,CONCAT,15.454329999999999
paging,q9,2,DYNAMIC_FILTER,67.681621
paging,q9,2,GPU_SCAN,7545.165601999998
paging,q9,2,HASH_GROUP_BY,3.802408
paging,q9,2,HASH_JOIN,507.30863800000003
paging,q9,2,MERGE_GROUP_BY,0.539625
paging,q9,2,MERGE_SORT,0.648762
paging,q9,2,ORDER_BY,0.619082
paging,q9,2,PARTITION,1.2820040000000006
paging,q9,2,PROJECTION,2.771848
paging,q9,2,RESULT_COLLECTOR,0.151237
paging,q9,2,SORT_PARTITION,0.247615
paging,q9,2,SORT_SAMPLE,0.121105
paging,q9,3,CONCAT,13.377715
paging,q9,3,DYNAMIC_FILTER,52.553776000000006
paging,q9,3,GPU_SCAN,7465.229653000002
paging,q9,3,HASH_GROUP_BY,6.875802999999999
paging,q9,3,HASH_JOIN,610.3891819999999
paging,q9,3,MERGE_GROUP_BY,0.440295
paging,q9,3,MERGE_SORT,1.311506
paging,q9,3,ORDER_BY,0.614447
paging,q9,3,PARTITION,0.8583900000000002
paging,q9,3,PROJECTION,2.908521
paging,q9,3,RESULT_COLLECTOR,0.124685
paging,q9,3,SORT_PARTITION,0.246039
paging,q9,3,SORT_SAMPLE,0.104998
paging,q9,4,CONCAT,15.900074000000002
paging,q9,4,DYNAMIC_FILTER,53.135791000000005
paging,q9,4,GPU_SCAN,7273.772652
paging,q9,4,HASH_GROUP_BY,3.924835
paging,q9,4,HASH_JOIN,509.686246
paging,q9,4,MERGE_GROUP_BY,0.42342
paging,q9,4,MERGE_SORT,0.380974
paging,q9,4,ORDER_BY,0.616773
paging,q9,4,PARTITION,0.8743779999999999
paging,q9,4,PROJECTION,3.509624
paging,q9,4,RESULT_COLLECTOR,0.148568
paging,q9,4,SORT_PARTITION,0.233461
paging,q9,4,SORT_SAMPLE,0.100003
paging,q9,5,CONCAT,16.027763
paging,q9,5,DYNAMIC_FILTER,59.59592600000002
paging,q9,5,GPU_SCAN,7432.5663149999955
paging,q9,5,HASH_GROUP_BY,4.086825
paging,q9,5,HASH_JOIN,511.267434
paging,q9,5,MERGE_GROUP_BY,0.490405
paging,q9,5,MERGE_SORT,0.399958
paging,q9,5,ORDER_BY,0.62107
paging,q9,5,PARTITION,0.7821250000000002
paging,q9,5,PROJECTION,3.817201
paging,q9,5,RESULT_COLLECTOR,0.118673
paging,q9,5,SORT_PARTITION,0.239128
paging,q9,5,SORT_SAMPLE,0.085039
paging,q10,1,CONCAT,2.228876
paging,q10,1,DYNAMIC_FILTER,11.121466000000002
paging,q10,1,GPU_SCAN,4428.991429999999
paging,q10,1,HASH_GROUP_BY,28.592968
paging,q10,1,HASH_JOIN,44.398087000000004
paging,q10,1,MERGE_GROUP_BY,0.072389
paging,q10,1,MERGE_SORT,18.958594
paging,q10,1,ORDER_BY,9.035986
paging,q10,1,PARTITION,0.38416700000000004
paging,q10,1,PROJECTION,0.5994729999999999
paging,q10,1,RESULT_COLLECTOR,256.283094
paging,q10,1,SORT_PARTITION,5.619435
paging,q10,1,SORT_SAMPLE,0.079827
paging,q10,2,CONCAT,1.392056
paging,q10,2,DYNAMIC_FILTER,12.643443999999997
paging,q10,2,GPU_SCAN,4003.490308
paging,q10,2,HASH_GROUP_BY,28.401189
paging,q10,2,HASH_JOIN,43.215651
paging,q10,2,MERGE_GROUP_BY,0.049289
paging,q10,2,MERGE_SORT,20.45342
paging,q10,2,ORDER_BY,9.147018
paging,q10,2,PARTITION,0.7843540000000001
paging,q10,2,PROJECTION,0.6483800000000001
paging,q10,2,RESULT_COLLECTOR,252.722545
paging,q10,2,SORT_PARTITION,7.723503
paging,q10,2,SORT_SAMPLE,0.117096
paging,q10,3,CONCAT,1.9465309999999998
paging,q10,3,DYNAMIC_FILTER,11.765387999999998
paging,q10,3,GPU_SCAN,3967.1873560000004
paging,q10,3,HASH_GROUP_BY,28.552876
paging,q10,3,HASH_JOIN,44.561161999999996
paging,q10,3,MERGE_GROUP_BY,0.065895
paging,q10,3,MERGE_SORT,24.460379
paging,q10,3,ORDER_BY,9.131216
paging,q10,3,PARTITION,0.6211229999999999
paging,q10,3,PROJECTION,0.6478349999999999
paging,q10,3,RESULT_COLLECTOR,252.741024
paging,q10,3,SORT_PARTITION,8.28877
paging,q10,3,SORT_SAMPLE,0.21019
paging,q10,4,CONCAT,1.295958
paging,q10,4,DYNAMIC_FILTER,10.77506
paging,q10,4,GPU_SCAN,3581.7287869999996
paging,q10,4,HASH_GROUP_BY,28.72153
paging,q10,4,HASH_JOIN,43.628816
paging,q10,4,MERGE_GROUP_BY,0.028562
paging,q10,4,MERGE_SORT,22.552327
paging,q10,4,ORDER_BY,9.241628
paging,q10,4,PARTITION,0.812238
paging,q10,4,PROJECTION,0.635794
paging,q10,4,RESULT_COLLECTOR,229.872263
paging,q10,4,SORT_PARTITION,6.930683
paging,q10,4,SORT_SAMPLE,0.086938
paging,q10,5,CONCAT,1.244234
paging,q10,5,DYNAMIC_FILTER,18.465459
paging,q10,5,GPU_SCAN,3891.5316809999995
paging,q10,5,HASH_GROUP_BY,28.652797
paging,q10,5,HASH_JOIN,43.27915899999999
paging,q10,5,MERGE_GROUP_BY,0.019935
paging,q10,5,MERGE_SORT,23.155347
paging,q10,5,ORDER_BY,9.180195
paging,q10,5,PARTITION,0.56582
paging,q10,5,PROJECTION,0.6489389999999999
paging,q10,5,RESULT_COLLECTOR,241.553347
paging,q10,5,SORT_PARTITION,7.994366
paging,q10,5,SORT_SAMPLE,0.201363
paging,q11,1,CONCAT,0.260034
paging,q11,1,CTE,0.007328
paging,q11,1,DYNAMIC_FILTER,0.09725
paging,q11,1,GPU_SCAN,1194.5868489999998
paging,q11,1,HASH_GROUP_BY,3.405402
paging,q11,1,HASH_JOIN,35.949486
paging,q11,1,MERGE_AGGREGATE,0.6289640000000001
paging,q11,1,MERGE_GROUP_BY,2.657341
paging,q11,1,MERGE_SORT,0.014148
paging,q11,1,NESTED_LOOP_JOIN,7.809916
paging,q11,1,ORDER_BY,0.014969
paging,q11,1,PARTITION,0.098499
paging,q11,1,PROJECTION,1.5907140000000002
paging,q11,1,RESULT_COLLECTOR,0.02519
paging,q11,1,SORT_PARTITION,0.005306
paging,q11,1,SORT_SAMPLE,0.010023
paging,q11,1,UNGROUPED_AGGREGATE,1.2875480000000001
paging,q11,2,CONCAT,9.921264
paging,q11,2,CTE,0.025147
paging,q11,2,DYNAMIC_FILTER,0.101676
paging,q11,2,GPU_SCAN,20.007695999999992
paging,q11,2,HASH_GROUP_BY,3.976951
paging,q11,2,HASH_JOIN,34.290231
paging,q11,2,MERGE_AGGREGATE,0.233598
paging,q11,2,MERGE_GROUP_BY,0.022051
paging,q11,2,MERGE_SORT,0.007544
paging,q11,2,NESTED_LOOP_JOIN,0.212821
paging,q11,2,ORDER_BY,0.012148
paging,q11,2,PARTITION,0.250539
paging,q11,2,PROJECTION,0.959257
paging,q11,2,RESULT_COLLECTOR,0.010736
paging,q11,2,SORT_PARTITION,0.006363
paging,q11,2,SORT_SAMPLE,0.010622
paging,q11,2,UNGROUPED_AGGREGATE,3.76515
paging,q11,3,CONCAT,10.171714000000001
paging,q11,3,CTE,0.031062
paging,q11,3,DYNAMIC_FILTER,0.098656
paging,q11,3,GPU_SCAN,19.941203
paging,q11,3,HASH_GROUP_BY,1.278165
paging,q11,3,HASH_JOIN,52.012322999999995
paging,q11,3,MERGE_AGGREGATE,0.175022
paging,q11,3,MERGE_GROUP_BY,0.006378
paging,q11,3,MERGE_SORT,0.005899
paging,q11,3,NESTED_LOOP_JOIN,0.270422
paging,q11,3,ORDER_BY,0.016382
paging,q11,3,PARTITION,0.450314
paging,q11,3,PROJECTION,1.164472
paging,q11,3,RESULT_COLLECTOR,0.005034
paging,q11,3,SORT_PARTITION,0.012768
paging,q11,3,SORT_SAMPLE,0.024093
paging,q11,3,UNGROUPED_AGGREGATE,1.406773
paging,q11,4,CONCAT,10.074691000000001
paging,q11,4,CTE,0.033306
paging,q11,4,DYNAMIC_FILTER,0.121553
paging,q11,4,GPU_SCAN,19.948052
paging,q11,4,HASH_GROUP_BY,1.322962
paging,q11,4,HASH_JOIN,53.081126
paging,q11,4,MERGE_AGGREGATE,0.16175499999999998
paging,q11,4,MERGE_GROUP_BY,0.06807
paging,q11,4,MERGE_SORT,0.007954
paging,q11,4,NESTED_LOOP_JOIN,0.295729
paging,q11,4,ORDER_BY,0.017387
paging,q11,4,PARTITION,0.334765
paging,q11,4,PROJECTION,1.325197
paging,q11,4,RESULT_COLLECTOR,0.006316
paging,q11,4,SORT_PARTITION,0.021558
paging,q11,4,SORT_SAMPLE,0.064258
paging,q11,4,UNGROUPED_AGGREGATE,1.715044
paging,q11,5,CONCAT,10.465238000000001
paging,q11,5,CTE,0.02996
paging,q11,5,DYNAMIC_FILTER,0.10779
paging,q11,5,GPU_SCAN,19.706735000000002
paging,q11,5,HASH_GROUP_BY,1.162306
paging,q11,5,HASH_JOIN,51.730757999999994
paging,q11,5,MERGE_AGGREGATE,0.482864
paging,q11,5,MERGE_GROUP_BY,0.009899
paging,q11,5,MERGE_SORT,0.017613
paging,q11,5,NESTED_LOOP_JOIN,0.216074
paging,q11,5,ORDER_BY,0.013051
paging,q11,5,PARTITION,0.259209
paging,q11,5,PROJECTION,0.8306129999999999
paging,q11,5,RESULT_COLLECTOR,0.006347
paging,q11,5,SORT_PARTITION,0.005947
paging,q11,5,SORT_SAMPLE,0.011827
paging,q11,5,UNGROUPED_AGGREGATE,1.108677
paging,q12,1,CONCAT,1.676209
paging,q12,1,DYNAMIC_FILTER,9.708072
paging,q12,1,FILTER,31.814769000000005
paging,q12,1,GPU_SCAN,3851.061122
paging,q12,1,HASH_GROUP_BY,1.097292
paging,q12,1,HASH_JOIN,2.526504
paging,q12,1,MERGE_GROUP_BY,0.008406
paging,q12,1,MERGE_SORT,0.216447
paging,q12,1,ORDER_BY,0.227404
paging,q12,1,PARTITION,0.289298
paging,q12,1,PROJECTION,0.58951
paging,q12,1,RESULT_COLLECTOR,0.126541
paging,q12,1,SORT_PARTITION,0.179645
paging,q12,1,SORT_SAMPLE,0.085791
paging,q12,2,CONCAT,1.589062
paging,q12,2,DYNAMIC_FILTER,7.044807
paging,q12,2,FILTER,47.94700800000001
paging,q12,2,GPU_SCAN,3829.762761
paging,q12,2,HASH_GROUP_BY,1.322668
paging,q12,2,HASH_JOIN,2.637592
paging,q12,2,MERGE_GROUP_BY,0.02545
paging,q12,2,MERGE_SORT,0.254372
paging,q12,2,ORDER_BY,0.244257
paging,q12,2,PARTITION,0.9891030000000001
paging,q12,2,PROJECTION,1.050187
paging,q12,2,RESULT_COLLECTOR,0.320418
paging,q12,2,SORT_PARTITION,0.200639
paging,q12,2,SORT_SAMPLE,0.103075
paging,q12,3,CONCAT,2.172183
paging,q12,3,DYNAMIC_FILTER,8.160508
paging,q12,3,FILTER,37.965225999999994
paging,q12,3,GPU_SCAN,3708.736200999999
paging,q12,3,HASH_GROUP_BY,1.206246
paging,q12,3,HASH_JOIN,2.634868
paging,q12,3,MERGE_GROUP_BY,0.008031
paging,q12,3,MERGE_SORT,0.300045
paging,q12,3,ORDER_BY,0.209556
paging,q12,3,PARTITION,0.5159599999999999
paging,q12,3,PROJECTION,0.556877
paging,q12,3,RESULT_COLLECTOR,0.157487
paging,q12,3,SORT_PARTITION,0.211736
paging,q12,3,SORT_SAMPLE,0.103447
paging,q12,4,CONCAT,1.702445
paging,q12,4,DYNAMIC_FILTER,7.321623
paging,q12,4,FILTER,42.621763
paging,q12,4,GPU_SCAN,3710.766684999999
paging,q12,4,HASH_GROUP_BY,1.236132
paging,q12,4,HASH_JOIN,2.365372
paging,q12,4,MERGE_GROUP_BY,0.027709
paging,q12,4,MERGE_SORT,0.344774
paging,q12,4,ORDER_BY,0.234466
paging,q12,4,PARTITION,0.5442230000000001
paging,q12,4,PROJECTION,0.623123
paging,q12,4,RESULT_COLLECTOR,0.294493
paging,q12,4,SORT_PARTITION,0.2207
paging,q12,4,SORT_SAMPLE,0.130042
paging,q12,5,CONCAT,1.694609
paging,q12,5,DYNAMIC_FILTER,8.680667
paging,q12,5,FILTER,45.040989
paging,q12,5,GPU_SCAN,3905.144302
paging,q12,5,HASH_GROUP_BY,1.362689
paging,q12,5,HASH_JOIN,2.419838
paging,q12,5,MERGE_GROUP_BY,0.030549
paging,q12,5,MERGE_SORT,0.280103
paging,q12,5,ORDER_BY,0.23121
paging,q12,5,PARTITION,0.314289
paging,q12,5,PROJECTION,0.76136
paging,q12,5,RESULT_COLLECTOR,0.258704
paging,q12,5,SORT_PARTITION,0.216833
paging,q12,5,SORT_SAMPLE,0.132049
paging,q13,1,CONCAT,20.844485
paging,q13,1,GPU_SCAN,2078.417233
paging,q13,1,HASH_GROUP_BY,18.628658
paging,q13,1,HASH_JOIN,120.765175
paging,q13,1,MERGE_GROUP_BY,0.028599000000000003
paging,q13,1,MERGE_SORT,0.005633
paging,q13,1,ORDER_BY,0.454318
paging,q13,1,PARTITION,0.13447399999999998
paging,q13,1,PROJECTION,0.021736
paging,q13,1,RESULT_COLLECTOR,0.090104
paging,q13,1,SORT_PARTITION,0.005093
paging,q13,1,SORT_SAMPLE,0.007408
paging,q13,2,CONCAT,22.026466000000003
paging,q13,2,GPU_SCAN,1986.3176160000003
paging,q13,2,HASH_GROUP_BY,18.452545
paging,q13,2,HASH_JOIN,120.750885
paging,q13,2,MERGE_GROUP_BY,0.055036
paging,q13,2,MERGE_SORT,0.00594
paging,q13,2,ORDER_BY,0.448882
paging,q13,2,PARTITION,0.141863
paging,q13,2,PROJECTION,0.027042
paging,q13,2,RESULT_COLLECTOR,0.086252
paging,q13,2,SORT_PARTITION,0.004956
paging,q13,2,SORT_SAMPLE,0.008008
paging,q13,3,CONCAT,21.817428999999997
paging,q13,3,GPU_SCAN,1977.929835
paging,q13,3,HASH_GROUP_BY,18.937790999999997
paging,q13,3,HASH_JOIN,120.921299
paging,q13,3,MERGE_GROUP_BY,0.012125
paging,q13,3,MERGE_SORT,0.006248
paging,q13,3,ORDER_BY,0.236953
paging,q13,3,PARTITION,0.195147
paging,q13,3,PROJECTION,0.06936300000000001
paging,q13,3,RESULT_COLLECTOR,0.074123
paging,q13,3,SORT_PARTITION,0.006193
paging,q13,3,SORT_SAMPLE,0.009312
paging,q13,4,CONCAT,21.439439
paging,q13,4,GPU_SCAN,2033.859398
paging,q13,4,HASH_GROUP_BY,18.580446
paging,q13,4,HASH_JOIN,120.880835
paging,q13,4,MERGE_GROUP_BY,0.05502
paging,q13,4,MERGE_SORT,0.005608
paging,q13,4,ORDER_BY,0.438234
paging,q13,4,PARTITION,0.19788399999999998
paging,q13,4,PROJECTION,0.025841
paging,q13,4,RESULT_COLLECTOR,0.088451
paging,q13,4,SORT_PARTITION,0.004793
paging,q13,4,SORT_SAMPLE,0.007842
paging,q13,5,CONCAT,21.961082
paging,q13,5,GPU_SCAN,1982.7031690000001
paging,q13,5,HASH_GROUP_BY,18.587941
paging,q13,5,HASH_JOIN,120.966586
paging,q13,5,MERGE_GROUP_BY,0.09720200000000001
paging,q13,5,MERGE_SORT,0.007113
paging,q13,5,ORDER_BY,0.450754
paging,q13,5,PARTITION,0.23452800000000001
paging,q13,5,PROJECTION,0.030408
paging,q13,5,RESULT_COLLECTOR,0.119087
paging,q13,5,SORT_PARTITION,0.009419
paging,q13,5,SORT_SAMPLE,0.014405
paging,q14,1,CONCAT,0.37976699999999997
paging,q14,1,GPU_SCAN,5094.646874999999
paging,q14,1,HASH_JOIN,11.256248
paging,q14,1,MERGE_AGGREGATE,0.015655
paging,q14,1,PARTITION,0.125723
paging,q14,1,PROJECTION,7.263909
paging,q14,1,RESULT_COLLECTOR,0.181192
paging,q14,1,UNGROUPED_AGGREGATE,0.701876
paging,q14,2,CONCAT,6.358422
paging,q14,2,GPU_SCAN,4759.211144999999
paging,q14,2,HASH_JOIN,10.788118
paging,q14,2,MERGE_AGGREGATE,0.017462
paging,q14,2,PARTITION,0.35408500000000004
paging,q14,2,PROJECTION,1.668702
paging,q14,2,RESULT_COLLECTOR,0.183522
paging,q14,2,UNGROUPED_AGGREGATE,0.78269
paging,q14,3,CONCAT,6.422661000000001
paging,q14,3,GPU_SCAN,5004.610335000001
paging,q14,3,HASH_JOIN,10.900541
paging,q14,3,MERGE_AGGREGATE,0.066925
paging,q14,3,PARTITION,0.312512
paging,q14,3,PROJECTION,1.656201
paging,q14,3,RESULT_COLLECTOR,0.112879
paging,q14,3,UNGROUPED_AGGREGATE,0.780219
paging,q14,4,CONCAT,6.545883000000001
paging,q14,4,GPU_SCAN,4834.026591999999
paging,q14,4,HASH_JOIN,10.749073
paging,q14,4,MERGE_AGGREGATE,0.01737
paging,q14,4,PARTITION,0.18471800000000002
paging,q14,4,PROJECTION,1.5486810000000002
paging,q14,4,RESULT_COLLECTOR,0.161875
paging,q14,4,UNGROUPED_AGGREGATE,0.734539
paging,q14,5,CONCAT,6.725054
paging,q14,5,GPU_SCAN,4649.710897
paging,q14,5,HASH_JOIN,10.803432
paging,q14,5,MERGE_AGGREGATE,0.067829
paging,q14,5,PARTITION,0.22424399999999997
paging,q14,5,PROJECTION,1.642964
paging,q14,5,RESULT_COLLECTOR,0.190659
paging,q14,5,UNGROUPED_AGGREGATE,0.789878
paging,q15,1,CONCAT,0.125394
paging,q15,1,CTE,0.030277
paging,q15,1,GPU_SCAN,5273.95007
paging,q15,1,HASH_GROUP_BY,33.54234100000001
paging,q15,1,HASH_JOIN,9.301304
paging,q15,1,MERGE_AGGREGATE,0.151704
paging,q15,1,MERGE_GROUP_BY,4.899012
paging,q15,1,MERGE_SORT,0.029642
paging,q15,1,ORDER_BY,7.951751
paging,q15,1,PARTITION,0.49118900000000004
paging,q15,1,PROJECTION,18.494163999999998
paging,q15,1,RESULT_COLLECTOR,0.509519
paging,q15,1,SORT_PARTITION,1.476742
paging,q15,1,SORT_SAMPLE,0.249496
paging,q15,1,UNGROUPED_AGGREGATE,11.750497
paging,q15,2,CONCAT,0.043244000000000005
paging,q15,2,CTE,0.016067
paging,q15,2,GPU_SCAN,4744.092732
paging,q15,2,HASH_GROUP_BY,22.680829
paging,q15,2,HASH_JOIN,2.036517
paging,q15,2,MERGE_AGGREGATE,0.058974
paging,q15,2,MERGE_GROUP_BY,4.862412
paging,q15,2,MERGE_SORT,0.012706
paging,q15,2,ORDER_BY,0.445086
paging,q15,2,PARTITION,0.3006790000000001
paging,q15,2,PROJECTION,10.965776
paging,q15,2,RESULT_COLLECTOR,0.198175
paging,q15,2,SORT_PARTITION,0.63339
paging,q15,2,SORT_SAMPLE,0.083187
paging,q15,2,UNGROUPED_AGGREGATE,0.492787
paging,q15,3,CONCAT,0.090803
paging,q15,3,CTE,0.042402
paging,q15,3,GPU_SCAN,4659.113265
paging,q15,3,HASH_GROUP_BY,23.630632
paging,q15,3,HASH_JOIN,2.0150870000000003
paging,q15,3,MERGE_AGGREGATE,0.100686
paging,q15,3,MERGE_GROUP_BY,4.876012
paging,q15,3,MERGE_SORT,0.012338
paging,q15,3,ORDER_BY,0.580001
paging,q15,3,PARTITION,0.3748580000000001
paging,q15,3,PROJECTION,10.488972999999996
paging,q15,3,RESULT_COLLECTOR,0.194441
paging,q15,3,SORT_PARTITION,0.708716
paging,q15,3,SORT_SAMPLE,0.089773
paging,q15,3,UNGROUPED_AGGREGATE,0.906558
paging,q15,4,CONCAT,0.050581999999999995
paging,q15,4,CTE,0.020452
paging,q15,4,GPU_SCAN,4626.269362
paging,q15,4,HASH_GROUP_BY,23.363708
paging,q15,4,HASH_JOIN,1.073634
paging,q15,4,MERGE_AGGREGATE,0.043668
paging,q15,4,MERGE_GROUP_BY,4.806232
paging,q15,4,MERGE_SORT,0.008791
paging,q15,4,ORDER_BY,0.2504
paging,q15,4,PARTITION,0.23607799999999998
paging,q15,4,PROJECTION,12.058116
paging,q15,4,RESULT_COLLECTOR,0.144184
paging,q15,4,SORT_PARTITION,0.874212
paging,q15,4,SORT_SAMPLE,0.092685
paging,q15,4,UNGROUPED_AGGREGATE,0.686885
paging,q15,5,CONCAT,0.05867599999999999
paging,q15,5,CTE,0.017264
paging,q15,5,GPU_SCAN,4838.507008
paging,q15,5,HASH_GROUP_BY,26.755356999999997
paging,q15,5,HASH_JOIN,2.422856
paging,q15,5,MERGE_AGGREGATE,0.089799
paging,q15,5,MERGE_GROUP_BY,4.868107
paging,q15,5,MERGE_SORT,0.020467
paging,q15,5,ORDER_BY,0.622038
paging,q15,5,PARTITION,0.473613
paging,q15,5,PROJECTION,17.663451999999996
paging,q15,5,RESULT_COLLECTOR,0.210376
paging,q15,5,SORT_PARTITION,0.995658
paging,q15,5,SORT_SAMPLE,0.071828
paging,q15,5,UNGROUPED_AGGREGATE,0.5941209999999999
paging,q16,1,CONCAT,0.15451900000000002
paging,q16,1,DYNAMIC_FILTER,1.111418
paging,q16,1,FILTER,17.996522
paging,q16,1,GPU_SCAN,183.265461
paging,q16,1,HASH_GROUP_BY,100.762455
paging,q16,1,HASH_JOIN,17.355878
paging,q16,1,MERGE_GROUP_BY,1.054796
paging,q16,1,MERGE_SORT,0.008016
paging,q16,1,ORDER_BY,2.237746
paging,q16,1,PARTITION,0.07563600000000001
paging,q16,1,PROJECTION,0.015545
paging,q16,1,RESULT_COLLECTOR,1.546401
paging,q16,1,SORT_PARTITION,0.005351
paging,q16,1,SORT_SAMPLE,0.009154
paging,q16,2,CONCAT,1.7416000000000003
paging,q16,2,DYNAMIC_FILTER,1.150786
paging,q16,2,FILTER,14.961943999999999
paging,q16,2,GPU_SCAN,127.55272799999999
paging,q16,2,HASH_GROUP_BY,82.146896
paging,q16,2,HASH_JOIN,9.048264
paging,q16,2,MERGE_GROUP_BY,0.923355
paging,q16,2,MERGE_SORT,0.008614
paging,q16,2,ORDER_BY,2.90608
paging,q16,2,PARTITION,0.176237
paging,q16,2,PROJECTION,0.014748
paging,q16,2,RESULT_COLLECTOR,1.386138
paging,q16,2,SORT_PARTITION,0.007583
paging,q16,2,SORT_SAMPLE,0.016588
paging,q16,3,CONCAT,1.728839
paging,q16,3,DYNAMIC_FILTER,1.147244
paging,q16,3,FILTER,15.203814999999999
paging,q16,3,GPU_SCAN,129.287103
paging,q16,3,HASH_GROUP_BY,81.607009
paging,q16,3,HASH_JOIN,9.259354
paging,q16,3,MERGE_GROUP_BY,1.018776
paging,q16,3,MERGE_SORT,0.0632
paging,q16,3,ORDER_BY,2.692094
paging,q16,3,PARTITION,0.340843
paging,q16,3,PROJECTION,0.020043
paging,q16,3,RESULT_COLLECTOR,1.606786
paging,q16,3,SORT_PARTITION,0.006757
paging,q16,3,SORT_SAMPLE,0.012422
paging,q16,4,CONCAT,1.864961
paging,q16,4,DYNAMIC_FILTER,1.15152
paging,q16,4,FILTER,14.200972
paging,q16,4,GPU_SCAN,129.66072699999998
paging,q16,4,HASH_GROUP_BY,81.595082
paging,q16,4,HASH_JOIN,8.377369
paging,q16,4,MERGE_GROUP_BY,0.398503
paging,q16,4,MERGE_SORT,0.062183
paging,q16,4,ORDER_BY,2.385709
paging,q16,4,PARTITION,0.315263
paging,q16,4,PROJECTION,0.019218
paging,q16,4,RESULT_COLLECTOR,0.805642
paging,q16,4,SORT_PARTITION,0.005931
paging,q16,4,SORT_SAMPLE,0.01092
paging,q16,5,CONCAT,1.7816169999999998
paging,q16,5,DYNAMIC_FILTER,1.121424
paging,q16,5,FILTER,14.350339
paging,q16,5,GPU_SCAN,125.79918
paging,q16,5,HASH_GROUP_BY,81.959751
paging,q16,5,HASH_JOIN,9.039788999999999
paging,q16,5,MERGE_GROUP_BY,0.919955
paging,q16,5,MERGE_SORT,0.029442
paging,q16,5,ORDER_BY,2.819049
paging,q16,5,PARTITION,0.259351
paging,q16,5,PROJECTION,0.013824
paging,q16,5,RESULT_COLLECTOR,1.26596
paging,q16,5,SORT_PARTITION,0.021788
paging,q16,5,SORT_SAMPLE,0.035655
paging,q17,1,CONCAT,7.758523
paging,q17,1,DYNAMIC_FILTER,26.127786
paging,q17,1,FILTER,0.133121
paging,q17,1,GPU_SCAN,6865.034549999999
paging,q17,1,HASH_GROUP_BY,4.983862
paging,q17,1,HASH_JOIN,103.216386
paging,q17,1,LEFT_DELIM_JOIN,0.989578
paging,q17,1,MERGE_AGGREGATE,0.029216
paging,q17,1,MERGE_GROUP_BY,0.653632
paging,q17,1,PARTITION,0.5806479999999999
paging,q17,1,PROJECTION,0.820299
paging,q17,1,RESULT_COLLECTOR,0.138784
paging,q17,1,UNGROUPED_AGGREGATE,0.173918
paging,q17,2,CONCAT,0.49552799999999997
paging,q17,2,DYNAMIC_FILTER,31.359306000000004
paging,q17,2,FILTER,0.237347
paging,q17,2,GPU_SCAN,6172.6647619999985
paging,q17,2,HASH_GROUP_BY,6.536666
paging,q17,2,HASH_JOIN,193.230709
paging,q17,2,LEFT_DELIM_JOIN,0.17695
paging,q17,2,MERGE_AGGREGATE,0.031427
paging,q17,2,MERGE_GROUP_BY,0.504037
paging,q17,2,PARTITION,0.556523
paging,q17,2,PROJECTION,0.448905
paging,q17,2,RESULT_COLLECTOR,0.087631
paging,q17,2,UNGROUPED_AGGREGATE,0.33231
paging,q17,3,CONCAT,0.6931709999999999
paging,q17,3,DYNAMIC_FILTER,29.346835999999996
paging,q17,3,FILTER,0.124112
paging,q17,3,GPU_SCAN,6055.983963
paging,q17,3,HASH_GROUP_BY,72.341543
paging,q17,3,HASH_JOIN,149.69155999999998
paging,q17,3,LEFT_DELIM_JOIN,0.216793
paging,q17,3,MERGE_AGGREGATE,0.032251
paging,q17,3,MERGE_GROUP_BY,0.620708
paging,q17,3,PARTITION,0.5714589999999999
paging,q17,3,PROJECTION,0.862179
paging,q17,3,RESULT_COLLECTOR,0.097342
paging,q17,3,UNGROUPED_AGGREGATE,0.169516
paging,q17,4,CONCAT,0.4265070000000001
paging,q17,4,DYNAMIC_FILTER,32.35749500000001
paging,q17,4,FILTER,0.146055
paging,q17,4,GPU_SCAN,6020.967041000001
paging,q17,4,HASH_GROUP_BY,35.09394
paging,q17,4,HASH_JOIN,170.883723
paging,q17,4,LEFT_DELIM_JOIN,0.199334
paging,q17,4,MERGE_AGGREGATE,0.032826
paging,q17,4,MERGE_GROUP_BY,0.49011
paging,q17,4,PARTITION,0.5114199999999999
paging,q17,4,PROJECTION,3.955678
paging,q17,4,RESULT_COLLECTOR,0.076725
paging,q17,4,UNGROUPED_AGGREGATE,0.212836
paging,q17,5,CONCAT,0.619392
paging,q17,5,DYNAMIC_FILTER,34.186978
paging,q17,5,FILTER,0.14115
paging,q17,5,GPU_SCAN,6315.232704999999
paging,q17,5,HASH_GROUP_BY,47.10018
paging,q17,5,HASH_JOIN,177.058534
paging,q17,5,LEFT_DELIM_JOIN,0.247002
paging,q17,5,MERGE_AGGREGATE,0.029978
paging,q17,5,MERGE_GROUP_BY,1.062015
paging,q17,5,PARTITION,0.900472
paging,q17,5,PROJECTION,1.043569
paging,q17,5,RESULT_COLLECTOR,0.100944
paging,q17,5,UNGROUPED_AGGREGATE,0.179592
paging,q18,1,CONCAT,0.872785
paging,q18,1,DYNAMIC_FILTER,35.048794
paging,q18,1,FILTER,7.15565
paging,q18,1,GPU_SCAN,3517.2253489999994
paging,q18,1,HASH_GROUP_BY,179.40738399999998
paging,q18,1,HASH_JOIN,4.4184980000000005
paging,q18,1,MERGE_GROUP_BY,308.442179
paging,q18,1,MERGE_SORT,0.689263
paging,q18,1,ORDER_BY,0.442273
paging,q18,1,PARTITION,78.62470400000002
paging,q18,1,PROJECTION,0.013349
paging,q18,1,RESULT_COLLECTOR,0.273077
paging,q18,1,SORT_PARTITION,0.687688
paging,q18,1,SORT_SAMPLE,0.046845
paging,q18,2,CONCAT,4.474558999999999
paging,q18,2,DYNAMIC_FILTER,30.827458
paging,q18,2,FILTER,7.335713
paging,q18,2,GPU_SCAN,3106.551865
paging,q18,2,HASH_GROUP_BY,229.74667599999998
paging,q18,2,HASH_JOIN,4.521697
paging,q18,2,MERGE_GROUP_BY,307.64449699999994
paging,q18,2,MERGE_SORT,0.909133
paging,q18,2,ORDER_BY,0.430033
paging,q18,2,PARTITION,59.969944999999996
paging,q18,2,PROJECTION,0.013559
paging,q18,2,RESULT_COLLECTOR,0.301912
paging,q18,2,SORT_PARTITION,0.440093
paging,q18,2,SORT_SAMPLE,0.039746
paging,q18,3,CONCAT,4.790288
paging,q18,3,DYNAMIC_FILTER,30.530252
paging,q18,3,FILTER,7.3278490000000005
paging,q18,3,GPU_SCAN,3308.6001680000004
paging,q18,3,HASH_GROUP_BY,403.884614
paging,q18,3,HASH_JOIN,4.372866
paging,q18,3,MERGE_GROUP_BY,308.367738
paging,q18,3,MERGE_SORT,0.781935
paging,q18,3,ORDER_BY,0.449354
paging,q18,3,PARTITION,61.23751100000001
paging,q18,3,PROJECTION,0.027011
paging,q18,3,RESULT_COLLECTOR,0.213562
paging,q18,3,SORT_PARTITION,0.789342
paging,q18,3,SORT_SAMPLE,0.066562
paging,q18,4,CONCAT,4.380868
paging,q18,4,DYNAMIC_FILTER,33.051821000000004
paging,q18,4,FILTER,7.365979000000001
paging,q18,4,GPU_SCAN,3097.4452380000007
paging,q18,4,HASH_GROUP_BY,238.446807
paging,q18,4,HASH_JOIN,3.864764
paging,q18,4,MERGE_GROUP_BY,307.628401
paging,q18,4,MERGE_SORT,0.804562
paging,q18,4,ORDER_BY,0.395572
paging,q18,4,PARTITION,60.39153199999998
paging,q18,4,PROJECTION,0.012419
paging,q18,4,RESULT_COLLECTOR,0.170847
paging,q18,4,SORT_PARTITION,0.37848
paging,q18,4,SORT_SAMPLE,0.028884
paging,q18,5,CONCAT,4.3495740000000005
paging,q18,5,DYNAMIC_FILTER,32.822959999999995
paging,q18,5,FILTER,7.017603
paging,q18,5,GPU_SCAN,3121.8135660000007
paging,q18,5,HASH_GROUP_BY,233.85119499999996
paging,q18,5,HASH_JOIN,3.893347
paging,q18,5,MERGE_GROUP_BY,307.26955200000003
paging,q18,5,MERGE_SORT,0.749175
paging,q18,5,ORDER_BY,0.377844
paging,q18,5,PARTITION,59.893132000000016
paging,q18,5,PROJECTION,0.012584
paging,q18,5,RESULT_COLLECTOR,0.152391
paging,q18,5,SORT_PARTITION,0.38541
paging,q18,5,SORT_SAMPLE,0.029896
paging,q19,1,CONCAT,4.512883
paging,q19,1,DYNAMIC_FILTER,3.791419
paging,q19,1,FILTER,29.841030000000003
paging,q19,1,GPU_SCAN,5024.064725
paging,q19,1,HASH_JOIN,21.435962
paging,q19,1,MERGE_AGGREGATE,0.018215
paging,q19,1,PARTITION,0.4041799999999999
paging,q19,1,PROJECTION,0.07351
paging,q19,1,RESULT_COLLECTOR,0.297383
paging,q19,1,UNGROUPED_AGGREGATE,0.137066
paging,q19,2,CONCAT,3.5673299999999997
paging,q19,2,DYNAMIC_FILTER,3.752459
paging,q19,2,FILTER,34.469992
paging,q19,2,GPU_SCAN,4841.131007999999
paging,q19,2,HASH_JOIN,21.332489
paging,q19,2,MERGE_AGGREGATE,0.008194
paging,q19,2,PARTITION,0.51525
paging,q19,2,PROJECTION,0.118024
paging,q19,2,RESULT_COLLECTOR,0.233586
paging,q19,2,UNGROUPED_AGGREGATE,0.171024
paging,q19,3,CONCAT,3.5986279999999997
paging,q19,3,DYNAMIC_FILTER,3.742617
paging,q19,3,FILTER,31.000536999999994
paging,q19,3,GPU_SCAN,4876.794700000001
paging,q19,3,HASH_JOIN,21.477278
paging,q19,3,MERGE_AGGREGATE,0.059768
paging,q19,3,PARTITION,0.397824
paging,q19,3,PROJECTION,0.083187
paging,q19,3,RESULT_COLLECTOR,0.226584
paging,q19,3,UNGROUPED_AGGREGATE,0.163134
paging,q19,4,CONCAT,3.680574
paging,q19,4,DYNAMIC_FILTER,3.783712
paging,q19,4,FILTER,35.537504999999996
paging,q19,4,GPU_SCAN,4908.157297999999
paging,q19,4,HASH_JOIN,21.588688
paging,q19,4,MERGE_AGGREGATE,0.067264
paging,q19,4,PARTITION,0.5540860000000001
paging,q19,4,PROJECTION,0.101467
paging,q19,4,RESULT_COLLECTOR,0.256066
paging,q19,4,UNGROUPED_AGGREGATE,0.185439
paging,q19,5,CONCAT,3.528583
paging,q19,5,DYNAMIC_FILTER,3.748355
paging,q19,5,FILTER,31.58291599999999
paging,q19,5,GPU_SCAN,4828.231544999999
paging,q19,5,HASH_JOIN,21.517107
paging,q19,5,MERGE_AGGREGATE,0.056968
paging,q19,5,PARTITION,0.500691
paging,q19,5,PROJECTION,0.080589
paging,q19,5,RESULT_COLLECTOR,0.236609
paging,q19,5,UNGROUPED_AGGREGATE,0.151737
paging,q20,1,CONCAT,0.807431
paging,q20,1,DYNAMIC_FILTER,10.896378000000004
paging,q20,1,FILTER,0.283285
paging,q20,1,GPU_SCAN,4352.0812
paging,q20,1,HASH_GROUP_BY,1.107397
paging,q20,1,HASH_JOIN,4.408931000000001
paging,q20,1,LEFT_DELIM_JOIN,0.63983
paging,q20,1,MERGE_GROUP_BY,0.027171
paging,q20,1,MERGE_SORT,0.757422
paging,q20,1,ORDER_BY,6.84417
paging,q20,1,PARTITION,0.333768
paging,q20,1,PROJECTION,0.141988
paging,q20,1,RESULT_COLLECTOR,0.650039
paging,q20,1,SORT_PARTITION,0.898412
paging,q20,1,SORT_SAMPLE,0.157217
paging,q20,2,CONCAT,0.80575
paging,q20,2,DYNAMIC_FILTER,8.394643
paging,q20,2,FILTER,0.242544
paging,q20,2,GPU_SCAN,3984.2642929999997
paging,q20,2,HASH_GROUP_BY,0.739767
paging,q20,2,HASH_JOIN,4.054841000000001
paging,q20,2,LEFT_DELIM_JOIN,0.64246
paging,q20,2,MERGE_GROUP_BY,0.061665
paging,q20,2,MERGE_SORT,2.681639
paging,q20,2,ORDER_BY,3.414377
paging,q20,2,PARTITION,0.303724
paging,q20,2,PROJECTION,0.119835
paging,q20,2,RESULT_COLLECTOR,0.494746
paging,q20,2,SORT_PARTITION,0.8171
paging,q20,2,SORT_SAMPLE,0.148975
paging,q20,3,CONCAT,0.702294
paging,q20,3,DYNAMIC_FILTER,10.163625000000001
paging,q20,3,FILTER,0.212224
paging,q20,3,GPU_SCAN,4096.521131
paging,q20,3,HASH_GROUP_BY,0.718803
paging,q20,3,HASH_JOIN,2.821212
paging,q20,3,LEFT_DELIM_JOIN,0.622444
paging,q20,3,MERGE_GROUP_BY,0.029248000000000003
paging,q20,3,MERGE_SORT,2.619935
paging,q20,3,ORDER_BY,3.371599
paging,q20,3,PARTITION,0.29412200000000005
paging,q20,3,PROJECTION,0.11571600000000001
paging,q20,3,RESULT_COLLECTOR,0.406819
paging,q20,3,SORT_PARTITION,2.021034
paging,q20,3,SORT_SAMPLE,0.446155
paging,q20,4,CONCAT,0.83825
paging,q20,4,DYNAMIC_FILTER,7.5951770000000005
paging,q20,4,FILTER,0.280425
paging,q20,4,GPU_SCAN,3984.2696039999996
paging,q20,4,HASH_GROUP_BY,0.991115
paging,q20,4,HASH_JOIN,3.843789
paging,q20,4,LEFT_DELIM_JOIN,0.554572
paging,q20,4,MERGE_GROUP_BY,0.040701
paging,q20,4,MERGE_SORT,2.840134
paging,q20,4,ORDER_BY,3.425318
paging,q20,4,PARTITION,0.5036080000000001
paging,q20,4,PROJECTION,0.14275000000000002
paging,q20,4,RESULT_COLLECTOR,0.832013
paging,q20,4,SORT_PARTITION,1.03826
paging,q20,4,SORT_SAMPLE,0.098467
paging,q20,5,CONCAT,0.7032879999999999
paging,q20,5,DYNAMIC_FILTER,8.264232
paging,q20,5,FILTER,0.220229
paging,q20,5,GPU_SCAN,3947.8995410000007
paging,q20,5,HASH_GROUP_BY,0.745911
paging,q20,5,HASH_JOIN,2.8041139999999998
paging,q20,5,LEFT_DELIM_JOIN,0.668696
paging,q20,5,MERGE_GROUP_BY,0.07875700000000001
paging,q20,5,MERGE_SORT,2.631458
paging,q20,5,ORDER_BY,3.391185
paging,q20,5,PARTITION,0.566577
paging,q20,5,PROJECTION,0.111846
paging,q20,5,RESULT_COLLECTOR,0.431022
paging,q20,5,SORT_PARTITION,1.618204
paging,q20,5,SORT_SAMPLE,0.434587
